[app/ui]
version = 9.0.4.1
modtime = 1681754779.429133000

[app/launcher]
version = 9.0.4.1
modtime = 1681754779.430363000
